1 -0.980957 -2.633575 2.234421
2 -6.173477 -4.665916 8.764252
3 -11.644699 -6.197166 10.736420
4 -17.147324 -6.771278 11.067581
5 -19.717262 -10.292992 12.098862
6 -20.122208 -11.328903 11.373032
7 -18.217728 -11.443085 9.178528
8 -17.643692 -10.191231 6.990356
9 -19.787415 -7.577698 8.458008
10 -20.465675 -5.852081 10.496536
11 -23.271454 -5.476837 14.575226
12 -23.533173 -7.336517 20.291245
13 -24.587799 -7.569130 19.375473
14 -25.737236 -10.092789 19.543869
15 -21.216988 -11.649254 12.545029
16 -19.273560 -7.170174 7.727539
17 -6.905327 -8.841003 6.130081
18 3.927017 -4.016327 2.968849
19 17.696976 -1.348480 -2.694763
20 27.310837 -1.473038 -1.442841
21 25.725883 3.723541 -0.345589
22 36.604675 3.857468 1.903473
23 40.597000 1.243484 -0.617134
24 44.182556 -2.154716 -5.580338
25 46.878220 -8.751945 -14.386627
26 49.277313 -12.894180 -17.609573
27 53.553116 -16.678535 -24.896133
28 56.521591 -6.156509 -28.452057
29 53.254379 -8.171303 -30.942322
30 47.735916 -1.577293 -23.111084
31 53.194733 -8.774895 -33.813034
32 52.037476 -10.575851 -28.055130
33 39.040985 -3.010727 -16.493294
34 35.198608 3.826645 -6.835587
35 21.027527 2.774620 -0.992775
36 13.184120 2.102074 2.433243
37 8.926208 3.273720 8.643326
38 2.428314 -1.249893 9.364655
39 1.816933 -1.803131 9.568207
40 -0.063904 -3.444969 11.182320
41 -1.984009 -3.616287 6.972633
42 -7.501488 -2.073578 6.737068
43 -10.148018 1.184326 5.785011
44 -10.801712 2.994461 5.379318
45 -8.015984 1.340530 5.996475
46 -5.878159 3.385513 3.698570
47 -10.924751 -2.655670 6.114456
48 -7.266563 -2.340973 4.306793
49 -3.676117 -3.392601 4.381561
50 -7.153122 -0.990990 4.824463
51 -6.406181 -1.110001 3.519951
52 -7.413269 0.742752 3.931076
53 -4.611160 -1.336823 3.863770
54 -5.704170 0.050995 4.123962
55 -5.628220 -0.222359 4.412659
56 -3.386826 -1.317902 3.653709
